[gd_scene load_steps=49 format=3 uid="uid://dxwq12dx76gxo"]

[ext_resource type="PackedScene" uid="uid://b0qj5o4jtbi1l" path="res://Player.tscn" id="1_1fo4v"]
[ext_resource type="PackedScene" uid="uid://dsqckauilwdb4" path="res://blender/volcano/volcano.blend" id="1_cdsq0"]
[ext_resource type="Script" path="res://main.gd" id="1_kndyr"]
[ext_resource type="Texture2D" uid="uid://ckro7j20n01fa" path="res://resources/LAVAFIELDS/Lava 03 FULL.png" id="2_k1ocx"]
[ext_resource type="Texture2D" uid="uid://cl6m421ad1w0" path="res://resources/LAVAFIELDS/Lava 01 FULL.png" id="2_xer16"]
[ext_resource type="PackedScene" uid="uid://183femj1r8uw" path="res://moving_platform.tscn" id="6_bjtxj"]
[ext_resource type="Script" path="res://lava_floor.gd" id="6_nx44l"]
[ext_resource type="PackedScene" uid="uid://tu10o6stspr5" path="res://platform.tscn" id="7_7ds3d"]
[ext_resource type="PackedScene" uid="uid://b08r7x2m4ab7s" path="res://moving_platform_y.tscn" id="8_4251c"]
[ext_resource type="PackedScene" uid="uid://dad4g88or1x4g" path="res://resources/moving_platform_y_down.tscn" id="9_84va5"]

[sub_resource type="ProceduralSkyMaterial" id="ProceduralSkyMaterial_m12kd"]
sky_top_color = Color(0.632831, 0.452874, 0.379348, 1)

[sub_resource type="Sky" id="Sky_385c8"]
sky_material = SubResource("ProceduralSkyMaterial_m12kd")

[sub_resource type="Environment" id="Environment_s4mrm"]
background_mode = 2
sky = SubResource("Sky_385c8")
ambient_light_energy = 5.0
fog_light_color = Color(0.27, 0.24984, 0.2484, 1)
volumetric_fog_detail_spread = 6.0

[sub_resource type="BoxMesh" id="BoxMesh_j0vwy"]
size = Vector3(100, 100, 1)

[sub_resource type="BoxShape3D" id="BoxShape3D_f0q57"]
size = Vector3(100, 100, 1)

[sub_resource type="StandardMaterial3D" id="StandardMaterial3D_q0mpm"]
albedo_texture = ExtResource("2_k1ocx")

[sub_resource type="StandardMaterial3D" id="StandardMaterial3D_aiq7g"]
albedo_texture = ExtResource("2_xer16")

[sub_resource type="BoxMesh" id="BoxMesh_lritg"]
size = Vector3(30, 1, 400)

[sub_resource type="BoxShape3D" id="BoxShape3D_t1heu"]
size = Vector3(30, 1, 400)

[sub_resource type="BoxMesh" id="BoxMesh_o5ue6"]
size = Vector3(15, 1, 40)

[sub_resource type="BoxShape3D" id="BoxShape3D_u1fxm"]
size = Vector3(15, 1, 40)

[sub_resource type="BoxMesh" id="BoxMesh_0ooon"]
size = Vector3(10, 1, 45)

[sub_resource type="BoxShape3D" id="BoxShape3D_u1xw1"]
size = Vector3(10, 1, 45)

[sub_resource type="BoxMesh" id="BoxMesh_1rb4n"]
size = Vector3(10, 1, 5)

[sub_resource type="BoxShape3D" id="BoxShape3D_dc4qp"]
size = Vector3(10, 1, 5)

[sub_resource type="BoxMesh" id="BoxMesh_k65jc"]
size = Vector3(5, 1, 5)

[sub_resource type="BoxShape3D" id="BoxShape3D_srudt"]
size = Vector3(5, 1, 5)

[sub_resource type="BoxMesh" id="BoxMesh_yoctb"]
size = Vector3(0.25, 1, 175)

[sub_resource type="BoxShape3D" id="BoxShape3D_1pudp"]
size = Vector3(0.25, 1, 175)

[sub_resource type="BoxMesh" id="BoxMesh_4r4ud"]
size = Vector3(17, 1, 3)

[sub_resource type="BoxShape3D" id="BoxShape3D_ckkbe"]
size = Vector3(17, 1, 3)

[sub_resource type="BoxMesh" id="BoxMesh_675cy"]
size = Vector3(50, 1, 10)

[sub_resource type="BoxShape3D" id="BoxShape3D_5vtpg"]
size = Vector3(50, 1, 10)

[sub_resource type="BoxMesh" id="BoxMesh_gwtxy"]
size = Vector3(75, 1, 1)

[sub_resource type="BoxShape3D" id="BoxShape3D_p3p0f"]
size = Vector3(75, 1, 1)

[sub_resource type="BoxMesh" id="BoxMesh_3tkmd"]
size = Vector3(5, 1, 5)

[sub_resource type="BoxShape3D" id="BoxShape3D_1g1q5"]
size = Vector3(5, 1, 5)

[sub_resource type="BoxMesh" id="BoxMesh_vt13n"]
size = Vector3(4, 1, 4)

[sub_resource type="BoxShape3D" id="BoxShape3D_2pflc"]
size = Vector3(4, 1, 4)

[sub_resource type="BoxMesh" id="BoxMesh_h4b4v"]
size = Vector3(3, 1, 3)

[sub_resource type="BoxShape3D" id="BoxShape3D_w4oxl"]
size = Vector3(3, 1, 3)

[sub_resource type="BoxMesh" id="BoxMesh_qrb5y"]
size = Vector3(2, 1, 2)

[sub_resource type="BoxShape3D" id="BoxShape3D_cmy7e"]
size = Vector3(2, 1, 2)

[sub_resource type="BoxMesh" id="BoxMesh_2y3gq"]
size = Vector3(10, 1, 200)

[sub_resource type="BoxShape3D" id="BoxShape3D_mtevl"]
size = Vector3(10, 1, 200)

[sub_resource type="StandardMaterial3D" id="StandardMaterial3D_ybt3w"]
albedo_texture = ExtResource("2_xer16")

[sub_resource type="PlaneMesh" id="PlaneMesh_ihsr3"]
material = SubResource("StandardMaterial3D_ybt3w")
size = Vector2(400, 400)

[sub_resource type="BoxShape3D" id="BoxShape3D_cq5ol"]

[node name="Main" type="Node3D"]
script = ExtResource("1_kndyr")

[node name="WorldEnvironment" type="WorldEnvironment" parent="."]
environment = SubResource("Environment_s4mrm")

[node name="DirectionalLight3D" type="DirectionalLight3D" parent="."]
transform = Transform3D(1, 0, 0, 0, 0.379133, 0.925342, 0, -0.925342, 0.379133, -77.743, 0, 0)

[node name="Player" parent="." instance=ExtResource("1_1fo4v")]
transform = Transform3D(4.99997, -0.0178023, 0, 0.0178023, 4.99997, 0, 0, 0, 5, -73.7399, -231.611, 89.104)

[node name="Walls" type="Node3D" parent="."]
transform = Transform3D(5, 0, 0, 0, 5, 0, 0, 0, 5, 0, 0, 0)

[node name="Wall1" type="StaticBody3D" parent="Walls"]
visible = false

[node name="MeshInstance3D" type="MeshInstance3D" parent="Walls/Wall1"]
mesh = SubResource("BoxMesh_j0vwy")

[node name="CollisionShape3D" type="CollisionShape3D" parent="Walls/Wall1"]
shape = SubResource("BoxShape3D_f0q57")

[node name="Wall2" type="StaticBody3D" parent="Walls"]
transform = Transform3D(1, 0, 0, 0, 1, 0, 0, 0, 1, 0, 0, 100)
visible = false

[node name="MeshInstance3D" type="MeshInstance3D" parent="Walls/Wall2"]
mesh = SubResource("BoxMesh_j0vwy")

[node name="CollisionShape3D" type="CollisionShape3D" parent="Walls/Wall2"]
shape = SubResource("BoxShape3D_f0q57")

[node name="Wall3" type="StaticBody3D" parent="Walls"]
transform = Transform3D(-4.37114e-08, 0, 1, 0, 1, 0, -1, 0, -4.37114e-08, -50, 0, 50)
visible = false

[node name="MeshInstance3D" type="MeshInstance3D" parent="Walls/Wall3"]
transform = Transform3D(1, 0, -1.74846e-07, 0, 1, 0, 1.74846e-07, 0, 1, 0, 0, 0)
mesh = SubResource("BoxMesh_j0vwy")

[node name="CollisionShape3D" type="CollisionShape3D" parent="Walls/Wall3"]
shape = SubResource("BoxShape3D_f0q57")

[node name="Wall4" type="StaticBody3D" parent="Walls"]
transform = Transform3D(-4.37114e-08, 0, 1, 0, 1, 0, -1, 0, -4.37114e-08, 50, 0, 50)
visible = false

[node name="MeshInstance3D" type="MeshInstance3D" parent="Walls/Wall4"]
transform = Transform3D(1, 0, -1.74846e-07, 0, 1, 0, 1.74846e-07, 0, 1, 0, 0, 0)
mesh = SubResource("BoxMesh_j0vwy")

[node name="CollisionShape3D" type="CollisionShape3D" parent="Walls/Wall4"]
shape = SubResource("BoxShape3D_f0q57")

[node name="Wall5" type="StaticBody3D" parent="Walls"]
transform = Transform3D(-4.37114e-08, 1, -4.37114e-08, 0, -4.37114e-08, -1, -1, -4.37114e-08, 1.91069e-15, 0, 50, 50)
visible = false

[node name="MeshInstance3D" type="MeshInstance3D" parent="Walls/Wall5"]
transform = Transform3D(1, 0, -1.74846e-07, 0, 1, 0, 1.74846e-07, 0, 1, 0, 0, 0)
mesh = SubResource("BoxMesh_j0vwy")

[node name="CollisionShape3D" type="CollisionShape3D" parent="Walls/Wall5"]
shape = SubResource("BoxShape3D_f0q57")

[node name="Wall6" type="StaticBody3D" parent="Walls"]
transform = Transform3D(-4.37114e-08, 1, -4.37114e-08, 0, -4.37114e-08, -1, -1, -4.37114e-08, 1.91069e-15, 0, -50, 50)

[node name="MeshInstance3D" type="MeshInstance3D" parent="Walls/Wall6"]
transform = Transform3D(1, 0, -1.74846e-07, 0, 1, 0, 1.74846e-07, 0, 1, 0, 0, 0)
material_override = SubResource("StandardMaterial3D_q0mpm")
mesh = SubResource("BoxMesh_j0vwy")
surface_material_override/0 = SubResource("StandardMaterial3D_aiq7g")

[node name="CollisionShape3D" type="CollisionShape3D" parent="Walls/Wall6"]
shape = SubResource("BoxShape3D_f0q57")

[node name="volcano" parent="." instance=ExtResource("1_cdsq0")]
transform = Transform3D(-150, 2.26494e-05, 0, -2.26494e-05, -150, 0, 0, 0, 150, 5, -115, 250)

[node name="stage1" type="StaticBody3D" parent="."]
transform = Transform3D(0.333626, -0.0353334, 0.942043, -0.0605723, 0.996428, 0.058825, -0.940758, -0.0766872, 0.330294, 57.439, -231.311, 137.816)

[node name="MeshInstance3D" type="MeshInstance3D" parent="stage1"]
mesh = SubResource("BoxMesh_lritg")

[node name="CollisionShape3D" type="CollisionShape3D" parent="stage1"]
shape = SubResource("BoxShape3D_t1heu")

[node name="stage2" type="Node3D" parent="."]
transform = Transform3D(1, 0, 0, 0, 1, 0, 0, 0, 1, 138.78, -484.316, 322.365)

[node name="Platform1" type="StaticBody3D" parent="stage2"]
transform = Transform3D(0.370521, -0.0278011, -0.928408, 0.0748221, 0.997197, 0, 0.925806, -0.0694654, 0.371562, 33.143, 265, -105)

[node name="MeshInstance3D" type="MeshInstance3D" parent="stage2/Platform1"]
mesh = SubResource("BoxMesh_o5ue6")

[node name="CollisionShape3D" type="CollisionShape3D" parent="stage2/Platform1"]
shape = SubResource("BoxShape3D_u1fxm")

[node name="Platform2" type="StaticBody3D" parent="stage2"]
transform = Transform3D(-0.0973266, 0.00730265, -0.995226, 0.0748221, 0.997197, 1.72929e-09, 0.992436, -0.0744649, -0.0976003, 3.092, 270, -77)

[node name="MeshInstance3D" type="MeshInstance3D" parent="stage2/Platform2"]
mesh = SubResource("BoxMesh_o5ue6")

[node name="CollisionShape3D" type="CollisionShape3D" parent="stage2/Platform2"]
shape = SubResource("BoxShape3D_u1fxm")

[node name="Platform3" type="StaticBody3D" parent="stage2"]
transform = Transform3D(0.996752, 0.00060436, 0.0805272, -0.00670912, 0.997119, 0.0755609, -0.0802495, -0.0758558, 0.993884, -0.745911, 0, 26.4263)

[node name="MeshInstance3D" type="MeshInstance3D" parent="stage2/Platform3"]
transform = Transform3D(0.950889, 0, 0.309532, 0, 1, 0, -0.309532, 0, 0.950889, 32.4438, 278.244, -41.5065)
mesh = SubResource("BoxMesh_0ooon")

[node name="CollisionShape3D" type="CollisionShape3D" parent="stage2/Platform3"]
transform = Transform3D(0.950889, 0, 0.309532, 0, 1, 0, -0.309532, 0, 0.950889, 32.4438, 278.244, -41.5065)
shape = SubResource("BoxShape3D_u1xw1")

[node name="Platform4" type="StaticBody3D" parent="stage2"]
transform = Transform3D(1, 0, 0, 0, 1, 0, 0, 0, 1, 26.9086, 277.197, -1.7132)

[node name="MeshInstance3D" type="MeshInstance3D" parent="stage2/Platform4"]
mesh = SubResource("BoxMesh_1rb4n")

[node name="CollisionShape3D" type="CollisionShape3D" parent="stage2/Platform4"]
shape = SubResource("BoxShape3D_dc4qp")

[node name="Platform5" type="StaticBody3D" parent="stage2"]
transform = Transform3D(1, 0, 0, 0, 1, 0, 0, 0, 1, 9.22308, 280.418, 4.87958)

[node name="MeshInstance3D" type="MeshInstance3D" parent="stage2/Platform5"]
mesh = SubResource("BoxMesh_k65jc")

[node name="CollisionShape3D" type="CollisionShape3D" parent="stage2/Platform5"]
shape = SubResource("BoxShape3D_srudt")

[node name="stage3" type="StaticBody3D" parent="."]
transform = Transform3D(0.3411, 0.255108, -0.904749, -0.0899953, 0.966912, 0.238707, 0.935709, -1.19599e-08, 0.352773, 60.8565, -182.941, 357.304)

[node name="MeshInstance3D" type="MeshInstance3D" parent="stage3"]
mesh = SubResource("BoxMesh_yoctb")

[node name="CollisionShape3D" type="CollisionShape3D" parent="stage3"]
shape = SubResource("BoxShape3D_1pudp")

[node name="stage4" type="Node3D" parent="."]

[node name="Platform1" type="StaticBody3D" parent="stage4"]
transform = Transform3D(0.402012, 0, -0.915635, 0, 1, 0, 0.915635, 0, 0.402012, -27.5223, -158.724, 388.878)

[node name="MeshInstance3D" type="MeshInstance3D" parent="stage4/Platform1"]
mesh = SubResource("BoxMesh_1rb4n")

[node name="CollisionShape3D" type="CollisionShape3D" parent="stage4/Platform1"]
shape = SubResource("BoxShape3D_dc4qp")

[node name="Platform2" type="StaticBody3D" parent="stage4"]
transform = Transform3D(0.196117, 0, -0.98058, 0, 1, 0, 0.98058, 0, 0.196117, -36.6358, -157.405, 392.008)

[node name="MeshInstance3D" type="MeshInstance3D" parent="stage4/Platform2"]
mesh = SubResource("BoxMesh_1rb4n")

[node name="CollisionShape3D" type="CollisionShape3D" parent="stage4/Platform2"]
shape = SubResource("BoxShape3D_dc4qp")

[node name="Platform3" type="StaticBody3D" parent="stage4"]
transform = Transform3D(0.290702, 0, 0.956814, 0, 1, 0, -0.956814, 0, 0.290702, -46.7362, -153.371, 391.941)

[node name="MeshInstance3D" type="MeshInstance3D" parent="stage4/Platform3"]
mesh = SubResource("BoxMesh_1rb4n")

[node name="CollisionShape3D" type="CollisionShape3D" parent="stage4/Platform3"]
shape = SubResource("BoxShape3D_dc4qp")

[node name="Platform4" type="StaticBody3D" parent="stage4"]
transform = Transform3D(-0.575005, 0, -0.81815, 0, 1, 0, 0.81815, 0, -0.575005, -57.0403, -150.343, 389.525)

[node name="MeshInstance3D" type="MeshInstance3D" parent="stage4/Platform4"]
mesh = SubResource("BoxMesh_1rb4n")

[node name="CollisionShape3D" type="CollisionShape3D" parent="stage4/Platform4"]
shape = SubResource("BoxShape3D_dc4qp")

[node name="Platform5" type="StaticBody3D" parent="stage4"]
transform = Transform3D(-0.575005, 0, -0.81815, 0, 1, 0, 0.81815, 0, -0.575005, -67.9453, -147.317, 382.745)

[node name="MeshInstance3D" type="MeshInstance3D" parent="stage4/Platform5"]
mesh = SubResource("BoxMesh_1rb4n")

[node name="CollisionShape3D" type="CollisionShape3D" parent="stage4/Platform5"]
shape = SubResource("BoxShape3D_dc4qp")

[node name="stage5" type="Node3D" parent="."]
transform = Transform3D(0.920505, 0, 0.390731, 0, 1, 0, -0.390731, 0, 0.920505, -66.1351, -148.999, 361.22)

[node name="Platform1" type="StaticBody3D" parent="stage5"]
transform = Transform3D(0.370521, -0.0278011, -0.928408, 0.0748221, 0.997197, 0, 0.925806, -0.0694654, 0.371562, 0, 0, 0)

[node name="MeshInstance3D" type="MeshInstance3D" parent="stage5/Platform1"]
mesh = SubResource("BoxMesh_o5ue6")

[node name="CollisionShape3D" type="CollisionShape3D" parent="stage5/Platform1"]
shape = SubResource("BoxShape3D_u1fxm")

[node name="MovingPlatform" parent="stage5" instance=ExtResource("6_bjtxj")]
transform = Transform3D(1, 0, 0, 0, 1, 0, 0, 0, 1, 0, 0, -20)

[node name="MovingPlatform2" parent="stage5" instance=ExtResource("6_bjtxj")]
transform = Transform3D(-1, 0, -8.74228e-08, 0, 1, 0, 8.74228e-08, 0, -1, 22.3405, 0.843307, -31.4131)

[node name="MovingPlatform3" parent="stage5" instance=ExtResource("6_bjtxj")]
transform = Transform3D(1, 0, 0, 0, 1, 0, 0, 0, 1, -20.7084, 0.524216, -43.3184)

[node name="MovingPlatform4" parent="stage5" instance=ExtResource("6_bjtxj")]
transform = Transform3D(1, 0, 0, 0, 1, 0, 0, 0, 1, 13.1398, 0.524216, -43.3184)

[node name="MovingPlatform5" parent="stage5" instance=ExtResource("6_bjtxj")]
transform = Transform3D(1, 0, 0, 0, 1, 0, 0, 0, 1, -0.798332, 0.524216, -53.9716)

[node name="AnimatableBody3D" parent="stage5/MovingPlatform5" index="0"]
transform = Transform3D(0.000900716, -8.07628e-05, -0.999999, -3.63798e-12, 1, -8.07628e-05, 0.999999, 7.27487e-08, 0.000900716, 0.0844574, -0.00201416, 0.0224457)

[node name="PathFollow3D" parent="stage5/MovingPlatform5/Path3D" index="0"]
transform = Transform3D(0.000900701, -8.07628e-05, -0.999999, -3.63798e-12, 1, -8.07628e-05, 0.999999, 7.27468e-08, 0.000900701, 0.0844579, -0.00201225, 0.0224438)

[node name="AnimationPlayer" parent="stage5/MovingPlatform5" index="2"]
speed_scale = 0.75

[node name="MovingPlatform6" parent="stage5" instance=ExtResource("6_bjtxj")]
transform = Transform3D(1, 0, 0, 0, 1, 0, 0, 0, 1, -3.13802, 0.524216, -65.0285)

[node name="Platform" parent="stage5" instance=ExtResource("7_7ds3d")]
transform = Transform3D(1, 0, 0, 0, 1, 0, 0, 0, 1, 8.43214, 0, -76.3865)

[node name="StaticBody3D" parent="stage5/Platform" index="0"]
mesh = SubResource("BoxMesh_4r4ud")

[node name="CollisionShape3D" parent="stage5/Platform" index="1"]
shape = SubResource("BoxShape3D_ckkbe")

[node name="MovingPlatformY" parent="stage5" instance=ExtResource("8_4251c")]
transform = Transform3D(1, 0, 0, 0, 1, 0, 0, 0, 1, 5.621, 2.114, -86.211)

[node name="MovingPlatformYDown" parent="stage5" instance=ExtResource("9_84va5")]
transform = Transform3D(1, 0, 0, 0, 1, 0, 0, 0, 1, 0.241, 26.647, -96.878)

[node name="MovingPlatformYDown2" parent="stage5" instance=ExtResource("9_84va5")]
transform = Transform3D(1, 0, 5.96046e-08, 0, 1, 0, -5.96046e-08, 0, 1, 12.3137, 54.9539, -127.122)

[node name="MovingPlatformY2" parent="stage5" instance=ExtResource("8_4251c")]
transform = Transform3D(1, 0, 5.96046e-08, 0, 1, 0, -5.96046e-08, 0, 1, 9.3154, 28.3641, -113.253)

[node name="MovingPlatformY3" parent="stage5" instance=ExtResource("8_4251c")]
transform = Transform3D(1, 0, 5.96046e-08, 0, 1, 0, -5.96046e-08, 0, 1, 16.0118, 54.8899, -147.63)

[node name="Platform2" parent="stage5" instance=ExtResource("7_7ds3d")]
transform = Transform3D(0.849368, 0, 0.527801, 0, 1, 0, -0.527801, 0, 0.849368, 27.2529, 78.1868, -161.581)

[node name="StaticBody3D" parent="stage5/Platform2" index="0"]
mesh = SubResource("BoxMesh_4r4ud")

[node name="CollisionShape3D" parent="stage5/Platform2" index="1"]
shape = SubResource("BoxShape3D_ckkbe")

[node name="stage6" type="Node3D" parent="."]

[node name="Platform1" type="StaticBody3D" parent="stage6"]
transform = Transform3D(0.934875, 0, 0.354976, 0, 1, 0, -0.354976, 0, 0.934875, -71.332, -67.9353, 181.756)

[node name="MeshInstance3D" type="MeshInstance3D" parent="stage6/Platform1"]
mesh = SubResource("BoxMesh_675cy")

[node name="CollisionShape3D" type="CollisionShape3D" parent="stage6/Platform1"]
shape = SubResource("BoxShape3D_5vtpg")

[node name="Platform2" type="StaticBody3D" parent="stage6"]
transform = Transform3D(0.930854, -0.0926486, 0.35345, 0.0866149, 0.995699, 0.0328881, -0.354976, 0, 0.934875, -59.8053, -56.4249, 178.292)

[node name="MeshInstance3D" type="MeshInstance3D" parent="stage6/Platform2"]
mesh = SubResource("BoxMesh_675cy")

[node name="CollisionShape3D" type="CollisionShape3D" parent="stage6/Platform2"]
shape = SubResource("BoxShape3D_5vtpg")

[node name="Platform3" type="StaticBody3D" parent="stage6"]

[node name="MeshInstance3D" type="MeshInstance3D" parent="stage6/Platform3"]
transform = Transform3D(0.927926, -0.233157, 0.290848, 0.222484, 0.972439, 0.0697351, -0.299091, 0, 0.954225, -11.5268, -60.5775, 162.487)
mesh = SubResource("BoxMesh_gwtxy")

[node name="CollisionShape3D" type="CollisionShape3D" parent="stage6/Platform3"]
transform = Transform3D(0.927926, -0.233157, 0.290848, 0.222484, 0.972439, 0.0697351, -0.299091, 0, 0.954225, -11.5268, -60.5775, 162.487)
shape = SubResource("BoxShape3D_p3p0f")

[node name="Platform4" type="StaticBody3D" parent="stage6"]
transform = Transform3D(1, 0, 0, 0, 0.994781, 0.102029, 0, -0.102029, 0.994781, 35.5174, -52.3196, 147.344)

[node name="MeshInstance3D" type="MeshInstance3D" parent="stage6/Platform4"]
mesh = SubResource("BoxMesh_3tkmd")

[node name="CollisionShape3D" type="CollisionShape3D" parent="stage6/Platform4"]
shape = SubResource("BoxShape3D_1g1q5")

[node name="Platform5" type="StaticBody3D" parent="stage6"]
transform = Transform3D(1, 0, 0, 0, 1, 0, 0, 0, 1, 55.3837, -48.9002, 146.723)

[node name="MeshInstance3D" type="MeshInstance3D" parent="stage6/Platform5"]
mesh = SubResource("BoxMesh_vt13n")

[node name="CollisionShape3D" type="CollisionShape3D" parent="stage6/Platform5"]
shape = SubResource("BoxShape3D_2pflc")

[node name="Platform6" type="StaticBody3D" parent="stage6"]
transform = Transform3D(1, 0, 0, 0, 1, 0, 0, 0, 1, 76.0832, -44.4844, 155.775)

[node name="MeshInstance3D" type="MeshInstance3D" parent="stage6/Platform6"]
mesh = SubResource("BoxMesh_h4b4v")

[node name="CollisionShape3D" type="CollisionShape3D" parent="stage6/Platform6"]
shape = SubResource("BoxShape3D_w4oxl")

[node name="Platform7" type="StaticBody3D" parent="stage6"]
transform = Transform3D(1, 0, 0, 0, 1, 0, 0, 0, 1, 82.2758, -40.8157, 175.427)

[node name="MeshInstance3D" type="MeshInstance3D" parent="stage6/Platform7"]
mesh = SubResource("BoxMesh_qrb5y")

[node name="CollisionShape3D" type="CollisionShape3D" parent="stage6/Platform7"]
shape = SubResource("BoxShape3D_cmy7e")

[node name="Platform8" type="StaticBody3D" parent="stage6"]
transform = Transform3D(1, 0, 0, 0, 1, 0, 0, 0, 1, 94.006, -37.1966, 198.957)

[node name="MeshInstance3D" type="MeshInstance3D" parent="stage6/Platform8"]
mesh = SubResource("BoxMesh_qrb5y")

[node name="CollisionShape3D" type="CollisionShape3D" parent="stage6/Platform8"]
shape = SubResource("BoxShape3D_cmy7e")

[node name="Platform9" type="StaticBody3D" parent="stage6"]
transform = Transform3D(0.942624, -0.333856, 0, 0.333856, 0.942624, 0, 0, 0, 1, 0, 5.46415, 0)

[node name="MeshInstance3D" type="MeshInstance3D" parent="stage6/Platform9"]
transform = Transform3D(0.544112, 0.620053, -0.565222, -0.223073, 0.756341, 0.614969, 0.808814, -0.208526, 0.549852, 30.5656, -24.1772, 287.044)
mesh = SubResource("BoxMesh_2y3gq")

[node name="CollisionShape3D" type="CollisionShape3D" parent="stage6/Platform9"]
transform = Transform3D(0.544112, 0.620053, -0.565222, -0.223073, 0.756341, 0.614969, 0.808814, -0.208526, 0.549852, 30.5656, -24.1772, 287.044)
shape = SubResource("BoxShape3D_mtevl")

[node name="Timer" type="Timer" parent="."]
autostart = true

[node name="LavaFloor" type="Area3D" parent="." node_paths=PackedStringArray("player")]
transform = Transform3D(1, 0, 0, 0, 0.001, 0, 0, 0, 1, -0.0356636, -246.411, 247.85)
script = ExtResource("6_nx44l")
player = NodePath("../Player")

[node name="MeshInstance3D" type="MeshInstance3D" parent="LavaFloor"]
transform = Transform3D(1, 0, 0, 0, 1, 0, 0, 0, 1, 0, 272.681, 0)
mesh = SubResource("PlaneMesh_ihsr3")

[node name="CollisionShape3D" type="CollisionShape3D" parent="LavaFloor"]
transform = Transform3D(400, 0, 0, 0, 1, 0, 0, 0, 400, 0, 269.924, 0)
shape = SubResource("BoxShape3D_cq5ol")

[connection signal="timeout" from="Timer" to="." method="_on_timer_timeout"]
[connection signal="body_entered" from="LavaFloor" to="LavaFloor" method="_on_body_entered"]
[connection signal="body_exited" from="LavaFloor" to="LavaFloor" method="_on_body_exited"]

[editable path="stage5/MovingPlatform5"]
[editable path="stage5/Platform"]
[editable path="stage5/Platform2"]
