[gd_scene load_steps=64 format=3 uid="uid://dxwq12dx76gxo"]

[ext_resource type="PackedScene" uid="uid://b0qj5o4jtbi1l" path="res://Player.tscn" id="1_1fo4v"]
[ext_resource type="PackedScene" uid="uid://dsqckauilwdb4" path="res://blender/volcano/volcano.blend" id="1_cdsq0"]
[ext_resource type="Script" path="res://main.gd" id="1_kndyr"]
[ext_resource type="Texture2D" uid="uid://ckro7j20n01fa" path="res://resources/LAVAFIELDS/Lava 03 FULL.png" id="2_k1ocx"]
[ext_resource type="Texture2D" uid="uid://cl6m421ad1w0" path="res://resources/LAVAFIELDS/Lava 01 FULL.png" id="2_xer16"]
[ext_resource type="PackedScene" uid="uid://oeb211djm1v2" path="res://blender/stage 1/platform1.blend" id="6_5vpbs"]
[ext_resource type="PackedScene" uid="uid://183femj1r8uw" path="res://moving_platform.tscn" id="6_bjtxj"]
[ext_resource type="Script" path="res://lava_floor.gd" id="6_nx44l"]
[ext_resource type="PackedScene" uid="uid://c12f1xv87ngug" path="res://blender/stage 2/platform1.blend" id="7_5sl6j"]
[ext_resource type="PackedScene" uid="uid://tu10o6stspr5" path="res://platform.tscn" id="7_7ds3d"]
[ext_resource type="PackedScene" uid="uid://dyinx65nu2lbu" path="res://blender/stage 4/platform.blend" id="7_j28uy"]
[ext_resource type="PackedScene" uid="uid://ckb8vyeixu76n" path="res://blender/stage 3/rope.blend" id="7_ueq58"]
[ext_resource type="PackedScene" uid="uid://b08r7x2m4ab7s" path="res://moving_platform_y.tscn" id="8_4251c"]
[ext_resource type="PackedScene" uid="uid://c2do44cj84v37" path="res://blender/stage 2/platform2.blend" id="8_hnv8t"]
[ext_resource type="PackedScene" uid="uid://bqnl6g15fib8x" path="res://blender/stage 4/platform2.blend" id="8_twj5g"]
[ext_resource type="PackedScene" uid="uid://dbmrbncw0eq0u" path="res://blender/stage 2/platform3.blend" id="9_18yrt"]
[ext_resource type="PackedScene" uid="uid://dad4g88or1x4g" path="res://resources/moving_platform_y_down.tscn" id="9_84va5"]
[ext_resource type="PackedScene" uid="uid://c25ti4lq0d1qh" path="res://blender/stage 2/platform4.blend" id="10_dny8x"]
[ext_resource type="PackedScene" uid="uid://b7n776fa0l84p" path="res://blender/boulder/platform.blend" id="16_of7ig"]
[ext_resource type="PackedScene" uid="uid://cq5daemfiuy72" path="res://blender/stage 6/platform1.blend" id="19_sky3c"]
[ext_resource type="PackedScene" uid="uid://c787ks7b5346o" path="res://blender/stage 6/rope.blend" id="20_glecp"]
[ext_resource type="PackedScene" uid="uid://cib7w7y8g1naj" path="res://fireball.tscn" id="21_x2gg6"]
[ext_resource type="FontFile" uid="uid://c10ulqs8dtt16" path="res://resources/CHE-LAVA.TTF" id="23_euqat"]
[ext_resource type="Script" path="res://v_box_container.gd" id="24_6eitd"]

[sub_resource type="ProceduralSkyMaterial" id="ProceduralSkyMaterial_m12kd"]
sky_top_color = Color(0.632831, 0.452874, 0.379348, 1)

[sub_resource type="Sky" id="Sky_385c8"]
sky_material = SubResource("ProceduralSkyMaterial_m12kd")

[sub_resource type="Environment" id="Environment_s4mrm"]
background_mode = 2
sky = SubResource("Sky_385c8")
ambient_light_energy = 5.0
fog_light_color = Color(0.27, 0.24984, 0.2484, 1)
volumetric_fog_detail_spread = 6.0

[sub_resource type="BoxMesh" id="BoxMesh_j0vwy"]
size = Vector3(100, 100, 1)

[sub_resource type="BoxShape3D" id="BoxShape3D_f0q57"]
size = Vector3(100, 100, 1)

[sub_resource type="StandardMaterial3D" id="StandardMaterial3D_q0mpm"]
albedo_texture = ExtResource("2_k1ocx")

[sub_resource type="StandardMaterial3D" id="StandardMaterial3D_aiq7g"]
albedo_texture = ExtResource("2_xer16")

[sub_resource type="BoxMesh" id="BoxMesh_lritg"]
size = Vector3(50, 1, 400)

[sub_resource type="BoxShape3D" id="BoxShape3D_t1heu"]
size = Vector3(50, 1, 400)

[sub_resource type="BoxMesh" id="BoxMesh_o5ue6"]
size = Vector3(15, 1, 40)

[sub_resource type="BoxShape3D" id="BoxShape3D_u1fxm"]
size = Vector3(15, 1, 40)

[sub_resource type="BoxMesh" id="BoxMesh_0ooon"]
size = Vector3(10, 1, 45)

[sub_resource type="BoxShape3D" id="BoxShape3D_u1xw1"]
size = Vector3(10, 1, 45)

[sub_resource type="BoxMesh" id="BoxMesh_1rb4n"]
size = Vector3(10, 1, 5)

[sub_resource type="BoxShape3D" id="BoxShape3D_dc4qp"]
size = Vector3(10, 1, 5)

[sub_resource type="BoxMesh" id="BoxMesh_k65jc"]
size = Vector3(5, 1, 5)

[sub_resource type="BoxShape3D" id="BoxShape3D_srudt"]
size = Vector3(5, 1, 5)

[sub_resource type="BoxMesh" id="BoxMesh_yoctb"]
size = Vector3(0.25, 1, 175)

[sub_resource type="BoxShape3D" id="BoxShape3D_1pudp"]
size = Vector3(0.25, 1, 175)

[sub_resource type="BoxMesh" id="BoxMesh_4r4ud"]
size = Vector3(17, 1, 3)

[sub_resource type="BoxShape3D" id="BoxShape3D_ckkbe"]
size = Vector3(17, 1, 3)

[sub_resource type="BoxMesh" id="BoxMesh_675cy"]
size = Vector3(50, 1, 10)

[sub_resource type="BoxShape3D" id="BoxShape3D_5vtpg"]
size = Vector3(50, 1, 10)

[sub_resource type="BoxMesh" id="BoxMesh_gwtxy"]
size = Vector3(75, 1, 1)

[sub_resource type="BoxShape3D" id="BoxShape3D_p3p0f"]
size = Vector3(75, 1, 1)

[sub_resource type="BoxMesh" id="BoxMesh_3tkmd"]
size = Vector3(5, 1, 5)

[sub_resource type="BoxShape3D" id="BoxShape3D_1g1q5"]
size = Vector3(5, 1, 5)

[sub_resource type="BoxMesh" id="BoxMesh_vt13n"]
size = Vector3(4, 1, 4)

[sub_resource type="BoxShape3D" id="BoxShape3D_2pflc"]
size = Vector3(4, 1, 4)

[sub_resource type="BoxMesh" id="BoxMesh_h4b4v"]
size = Vector3(3, 1, 3)

[sub_resource type="BoxShape3D" id="BoxShape3D_w4oxl"]
size = Vector3(3, 1, 3)

[sub_resource type="BoxMesh" id="BoxMesh_qrb5y"]
size = Vector3(2, 1, 2)

[sub_resource type="BoxShape3D" id="BoxShape3D_cmy7e"]
size = Vector3(2, 1, 2)

[sub_resource type="BoxMesh" id="BoxMesh_2y3gq"]
size = Vector3(10, 1, 200)

[sub_resource type="BoxShape3D" id="BoxShape3D_mtevl"]
size = Vector3(10, 1, 200)

[sub_resource type="BoxShape3D" id="BoxShape3D_cq5ol"]

[sub_resource type="StandardMaterial3D" id="StandardMaterial3D_ybt3w"]
albedo_texture = ExtResource("2_xer16")

[sub_resource type="PlaneMesh" id="PlaneMesh_ihsr3"]
material = SubResource("StandardMaterial3D_ybt3w")
size = Vector2(400, 400)

[sub_resource type="CylinderShape3D" id="CylinderShape3D_2fq1k"]
height = 1.0
radius = 150.0

[node name="Main" type="Node3D"]
script = ExtResource("1_kndyr")

[node name="WorldEnvironment" type="WorldEnvironment" parent="."]
environment = SubResource("Environment_s4mrm")

[node name="DirectionalLight3D" type="DirectionalLight3D" parent="."]
transform = Transform3D(1, 0, 0, 0, 0.379133, 0.925342, 0, -0.925342, 0.379133, -77.743, 0, 0)

[node name="Player" parent="." instance=ExtResource("1_1fo4v")]
transform = Transform3D(4.99997, -0.0178023, 0, 0.0178023, 4.99997, 0, 0, 0, 5, 73.594, -19.753, 256.714)

[node name="Walls" type="Node3D" parent="."]
transform = Transform3D(5, 0, 0, 0, 5, 0, 0, 0, 5, 0, 0, 0)

[node name="Wall1" type="StaticBody3D" parent="Walls"]
visible = false

[node name="MeshInstance3D" type="MeshInstance3D" parent="Walls/Wall1"]
mesh = SubResource("BoxMesh_j0vwy")

[node name="CollisionShape3D" type="CollisionShape3D" parent="Walls/Wall1"]
shape = SubResource("BoxShape3D_f0q57")

[node name="Wall2" type="StaticBody3D" parent="Walls"]
transform = Transform3D(1, 0, 0, 0, 1, 0, 0, 0, 1, 0, 0, 100)
visible = false

[node name="MeshInstance3D" type="MeshInstance3D" parent="Walls/Wall2"]
mesh = SubResource("BoxMesh_j0vwy")

[node name="CollisionShape3D" type="CollisionShape3D" parent="Walls/Wall2"]
shape = SubResource("BoxShape3D_f0q57")

[node name="Wall3" type="StaticBody3D" parent="Walls"]
transform = Transform3D(-4.37114e-08, 0, 1, 0, 1, 0, -1, 0, -4.37114e-08, -50, 0, 50)
visible = false

[node name="MeshInstance3D" type="MeshInstance3D" parent="Walls/Wall3"]
transform = Transform3D(1, 0, -1.74846e-07, 0, 1, 0, 1.74846e-07, 0, 1, 0, 0, 0)
mesh = SubResource("BoxMesh_j0vwy")

[node name="CollisionShape3D" type="CollisionShape3D" parent="Walls/Wall3"]
shape = SubResource("BoxShape3D_f0q57")

[node name="Wall4" type="StaticBody3D" parent="Walls"]
transform = Transform3D(-4.37114e-08, 0, 1, 0, 1, 0, -1, 0, -4.37114e-08, 50, 0, 50)
visible = false

[node name="MeshInstance3D" type="MeshInstance3D" parent="Walls/Wall4"]
transform = Transform3D(1, 0, -1.74846e-07, 0, 1, 0, 1.74846e-07, 0, 1, 0, 0, 0)
mesh = SubResource("BoxMesh_j0vwy")

[node name="CollisionShape3D" type="CollisionShape3D" parent="Walls/Wall4"]
shape = SubResource("BoxShape3D_f0q57")

[node name="Wall5" type="StaticBody3D" parent="Walls"]
transform = Transform3D(-4.37114e-08, 1, -4.37114e-08, 0, -4.37114e-08, -1, -1, -4.37114e-08, 1.91069e-15, 0, 50, 50)
visible = false

[node name="MeshInstance3D" type="MeshInstance3D" parent="Walls/Wall5"]
transform = Transform3D(1, 0, -1.74846e-07, 0, 1, 0, 1.74846e-07, 0, 1, 0, 0, 0)
mesh = SubResource("BoxMesh_j0vwy")

[node name="CollisionShape3D" type="CollisionShape3D" parent="Walls/Wall5"]
shape = SubResource("BoxShape3D_f0q57")

[node name="Wall6" type="StaticBody3D" parent="Walls"]
transform = Transform3D(-4.37114e-08, 1, -4.37114e-08, 0, -4.37114e-08, -1, -1, -4.37114e-08, 1.91069e-15, 0, -50, 50)

[node name="MeshInstance3D" type="MeshInstance3D" parent="Walls/Wall6"]
transform = Transform3D(1, 0, -1.74846e-07, 0, 1, 0, 1.74846e-07, 0, 1, 0, 0, 0)
material_override = SubResource("StandardMaterial3D_q0mpm")
mesh = SubResource("BoxMesh_j0vwy")
surface_material_override/0 = SubResource("StandardMaterial3D_aiq7g")

[node name="CollisionShape3D" type="CollisionShape3D" parent="Walls/Wall6"]
shape = SubResource("BoxShape3D_f0q57")

[node name="volcano" parent="." instance=ExtResource("1_cdsq0")]
transform = Transform3D(-150, 2.26494e-05, 0, -2.26494e-05, -150, 0, 0, 0, 150, 5, -115, 250)

[node name="stage1" type="StaticBody3D" parent="."]
transform = Transform3D(0.333626, -0.0353334, 0.942043, -0.0605723, 0.996428, 0.058825, -0.940758, -0.0766872, 0.330294, 57.439, -231.311, 127.627)

[node name="MeshInstance3D" type="MeshInstance3D" parent="stage1"]
visible = false
mesh = SubResource("BoxMesh_lritg")

[node name="CollisionShape3D" type="CollisionShape3D" parent="stage1"]
shape = SubResource("BoxShape3D_t1heu")

[node name="platform1" parent="stage1" instance=ExtResource("6_5vpbs")]
transform = Transform3D(-4.37114e-08, 0, 0.999999, 0, 1, 0, -1, 0, -4.37114e-08, 25, -0.5, 200)

[node name="stage2" type="Node3D" parent="."]
transform = Transform3D(1, 0, 0, 0, 1, 0, 0, 0, 1, 138.78, -484.316, 322.365)

[node name="Platform1" type="StaticBody3D" parent="stage2"]
transform = Transform3D(0.370521, -0.0278011, -0.928408, 0.0748221, 0.997197, 0, 0.925806, -0.0694654, 0.371562, 33.143, 265, -105)

[node name="MeshInstance3D" type="MeshInstance3D" parent="stage2/Platform1"]
visible = false
mesh = SubResource("BoxMesh_o5ue6")

[node name="CollisionShape3D" type="CollisionShape3D" parent="stage2/Platform1"]
shape = SubResource("BoxShape3D_u1fxm")

[node name="platform1" parent="stage2/Platform1" instance=ExtResource("7_5sl6j")]

[node name="Platform2" type="StaticBody3D" parent="stage2"]
transform = Transform3D(-0.0973266, 0.00730265, -0.995226, 0.0748221, 0.997197, 1.72929e-09, 0.992436, -0.0744649, -0.0976003, 3.092, 270, -77)

[node name="MeshInstance3D" type="MeshInstance3D" parent="stage2/Platform2"]
visible = false
mesh = SubResource("BoxMesh_o5ue6")

[node name="CollisionShape3D" type="CollisionShape3D" parent="stage2/Platform2"]
shape = SubResource("BoxShape3D_u1fxm")

[node name="platform1" parent="stage2/Platform2" instance=ExtResource("7_5sl6j")]

[node name="Platform3" type="StaticBody3D" parent="stage2"]
transform = Transform3D(0.996752, 0.00060436, 0.0805272, -0.00670912, 0.997119, 0.0755609, -0.0802495, -0.0758558, 0.993884, -0.745911, 0, 26.4263)

[node name="MeshInstance3D" type="MeshInstance3D" parent="stage2/Platform3"]
transform = Transform3D(0.950889, 0, 0.309532, 0, 1, 0, -0.309532, 0, 0.950889, 32.4438, 278.244, -41.5065)
visible = false
mesh = SubResource("BoxMesh_0ooon")

[node name="CollisionShape3D" type="CollisionShape3D" parent="stage2/Platform3"]
transform = Transform3D(0.950889, 0, 0.309532, 0, 1, 0, -0.309532, 0, 0.950889, 32.4438, 278.244, -41.5065)
shape = SubResource("BoxShape3D_u1xw1")

[node name="platform2" parent="stage2/Platform3" instance=ExtResource("8_hnv8t")]
transform = Transform3D(0.948324, 9.31323e-10, 0.317305, -1.86265e-08, 0.999999, 0, -0.317305, 0, 0.948323, 32.2999, 278.474, -42.2175)

[node name="Platform4" type="StaticBody3D" parent="stage2"]
transform = Transform3D(1, 0, 0, 0, 1, 0, 0, 0, 1, 26.9086, 277.197, -1.7132)

[node name="MeshInstance3D" type="MeshInstance3D" parent="stage2/Platform4"]
visible = false
mesh = SubResource("BoxMesh_1rb4n")

[node name="CollisionShape3D" type="CollisionShape3D" parent="stage2/Platform4"]
shape = SubResource("BoxShape3D_dc4qp")

[node name="platform3" parent="stage2/Platform4" instance=ExtResource("9_18yrt")]

[node name="Platform5" type="StaticBody3D" parent="stage2"]
transform = Transform3D(1, 0, 0, 0, 1, 0, 0, 0, 1, 9.22308, 280.418, 4.87958)

[node name="MeshInstance3D" type="MeshInstance3D" parent="stage2/Platform5"]
visible = false
mesh = SubResource("BoxMesh_k65jc")

[node name="CollisionShape3D" type="CollisionShape3D" parent="stage2/Platform5"]
shape = SubResource("BoxShape3D_srudt")

[node name="platform4" parent="stage2/Platform5" instance=ExtResource("10_dny8x")]

[node name="stage3" type="StaticBody3D" parent="."]
transform = Transform3D(0.3411, 0.255108, -0.904749, -0.0899953, 0.966912, 0.238707, 0.935709, -1.19599e-08, 0.352773, 60.8565, -182.941, 357.304)

[node name="MeshInstance3D" type="MeshInstance3D" parent="stage3"]
visible = false
mesh = SubResource("BoxMesh_yoctb")

[node name="CollisionShape3D" type="CollisionShape3D" parent="stage3"]
shape = SubResource("BoxShape3D_1pudp")

[node name="rope" parent="stage3" instance=ExtResource("7_ueq58")]
transform = Transform3D(-4.37114e-08, -1, 0, 1, -4.37114e-08, 0, 0, 0, 1, 0, 0, 0)

[node name="stage4" type="Node3D" parent="."]

[node name="Platform1" type="StaticBody3D" parent="stage4"]
transform = Transform3D(0.402012, 0, -0.915635, 0, 1, 0, 0.915635, 0, 0.402012, -27.5223, -158.724, 388.878)

[node name="MeshInstance3D" type="MeshInstance3D" parent="stage4/Platform1"]
visible = false
mesh = SubResource("BoxMesh_1rb4n")

[node name="CollisionShape3D" type="CollisionShape3D" parent="stage4/Platform1"]
shape = SubResource("BoxShape3D_dc4qp")

[node name="platform" parent="stage4/Platform1" instance=ExtResource("7_j28uy")]

[node name="Platform2" type="StaticBody3D" parent="stage4"]
transform = Transform3D(0.196117, 0, -0.98058, 0, 1, 0, 0.98058, 0, 0.196117, -36.6358, -157.405, 392.008)

[node name="MeshInstance3D" type="MeshInstance3D" parent="stage4/Platform2"]
visible = false
mesh = SubResource("BoxMesh_1rb4n")

[node name="CollisionShape3D" type="CollisionShape3D" parent="stage4/Platform2"]
shape = SubResource("BoxShape3D_dc4qp")

[node name="platform" parent="stage4/Platform2" instance=ExtResource("7_j28uy")]

[node name="Platform3" type="StaticBody3D" parent="stage4"]
transform = Transform3D(0.290702, 0, 0.956814, 0, 1, 0, -0.956814, 0, 0.290702, -46.7362, -153.371, 391.941)

[node name="MeshInstance3D" type="MeshInstance3D" parent="stage4/Platform3"]
visible = false
mesh = SubResource("BoxMesh_1rb4n")

[node name="CollisionShape3D" type="CollisionShape3D" parent="stage4/Platform3"]
shape = SubResource("BoxShape3D_dc4qp")

[node name="platform" parent="stage4/Platform3" instance=ExtResource("7_j28uy")]

[node name="Platform4" type="StaticBody3D" parent="stage4"]
transform = Transform3D(-0.575005, 0, -0.81815, 0, 1, 0, 0.81815, 0, -0.575005, -57.0403, -150.343, 389.525)

[node name="MeshInstance3D" type="MeshInstance3D" parent="stage4/Platform4"]
visible = false
mesh = SubResource("BoxMesh_1rb4n")

[node name="CollisionShape3D" type="CollisionShape3D" parent="stage4/Platform4"]
shape = SubResource("BoxShape3D_dc4qp")

[node name="platform" parent="stage4/Platform4" instance=ExtResource("7_j28uy")]

[node name="Platform5" type="StaticBody3D" parent="stage4"]
transform = Transform3D(-0.575005, 0, -0.81815, 0, 1, 0, 0.81815, 0, -0.575005, -67.9453, -147.317, 382.745)

[node name="MeshInstance3D" type="MeshInstance3D" parent="stage4/Platform5"]
visible = false
mesh = SubResource("BoxMesh_1rb4n")

[node name="CollisionShape3D" type="CollisionShape3D" parent="stage4/Platform5"]
shape = SubResource("BoxShape3D_dc4qp")

[node name="platform" parent="stage4/Platform5" instance=ExtResource("7_j28uy")]
transform = Transform3D(1, 0, 0, 0, 1, 0, 0, 0, 1, -0.0444336, 0, 0.0353394)

[node name="stage5" type="Node3D" parent="."]
transform = Transform3D(0.920505, 0, 0.390731, 0, 1, 0, -0.390731, 0, 0.920505, -66.1351, -148.999, 361.22)

[node name="Platform1" type="StaticBody3D" parent="stage5"]
transform = Transform3D(0.370521, -0.0278011, -0.928408, 0.0748221, 0.997197, 0, 0.925806, -0.0694654, 0.371562, 0, 0, 0)

[node name="MeshInstance3D" type="MeshInstance3D" parent="stage5/Platform1"]
visible = false
mesh = SubResource("BoxMesh_o5ue6")

[node name="CollisionShape3D" type="CollisionShape3D" parent="stage5/Platform1"]
shape = SubResource("BoxShape3D_u1fxm")

[node name="platform2" parent="stage5/Platform1" instance=ExtResource("8_twj5g")]

[node name="MovingPlatform" parent="stage5" instance=ExtResource("6_bjtxj")]
transform = Transform3D(1, 0, 0, 0, 1, 0, 0, 0, 1, 0, 0, -20)

[node name="MovingPlatform2" parent="stage5" instance=ExtResource("6_bjtxj")]
transform = Transform3D(-1, 0, -8.74228e-08, 0, 1, 0, 8.74228e-08, 0, -1, 22.3405, 0.843307, -31.4131)

[node name="MovingPlatform3" parent="stage5" instance=ExtResource("6_bjtxj")]
transform = Transform3D(1, 0, 0, 0, 1, 0, 0, 0, 1, -20.7084, 0.524216, -43.3184)

[node name="MovingPlatform4" parent="stage5" instance=ExtResource("6_bjtxj")]
transform = Transform3D(1, 0, 0, 0, 1, 0, 0, 0, 1, 13.1398, 0.524216, -43.3184)

[node name="MovingPlatform5" parent="stage5" instance=ExtResource("6_bjtxj")]
transform = Transform3D(1, 0, 0, 0, 1, 0, 0, 0, 1, -0.798332, 0.524216, -53.9716)

[node name="AnimatableBody3D" parent="stage5/MovingPlatform5" index="0"]
transform = Transform3D(0.000900716, -8.07628e-05, -0.999999, -3.63798e-12, 1, -8.07628e-05, 0.999999, 7.27487e-08, 0.000900716, 0.0844574, -0.00201416, 0.0224457)

[node name="PathFollow3D" parent="stage5/MovingPlatform5/Path3D" index="0"]
transform = Transform3D(0.000900701, -8.07628e-05, -0.999999, -3.63798e-12, 1, -8.07628e-05, 0.999999, 7.27468e-08, 0.000900701, 0.0844579, -0.00201225, 0.0224438)

[node name="AnimationPlayer" parent="stage5/MovingPlatform5" index="2"]
speed_scale = 0.75

[node name="MovingPlatform6" parent="stage5" instance=ExtResource("6_bjtxj")]
transform = Transform3D(1, 0, 0, 0, 1, 0, 0, 0, 1, -3.13802, 0.524216, -65.0285)

[node name="Platform" parent="stage5" instance=ExtResource("7_7ds3d")]
transform = Transform3D(1, 0, 2.98023e-08, 0, 1, 0, -2.98023e-08, 0, 1, 8.43213, 5.93059, -76.3865)

[node name="StaticBody3D" parent="stage5/Platform" index="0"]
visible = false
mesh = SubResource("BoxMesh_4r4ud")

[node name="CollisionShape3D" parent="stage5/Platform" index="1"]
shape = SubResource("BoxShape3D_ckkbe")

[node name="platform" parent="stage5/Platform" instance=ExtResource("16_of7ig")]
transform = Transform3D(-4.37114e-08, 0, 1, 0, 1, 0, -1, 0, -4.37114e-08, 0, 0, 0)

[node name="MovingPlatformY" parent="stage5" instance=ExtResource("8_4251c")]
transform = Transform3D(1, 0, 0, 0, 1, 0, 0, 0, 1, 5.621, 2.114, -86.211)

[node name="MovingPlatformYDown" parent="stage5" instance=ExtResource("9_84va5")]
transform = Transform3D(1, 0, 0, 0, 1, 0, 0, 0, 1, 0.241, 26.647, -96.878)

[node name="MovingPlatformYDown2" parent="stage5" instance=ExtResource("9_84va5")]
transform = Transform3D(1, 0, 5.96046e-08, 0, 1, 0, -5.96046e-08, 0, 1, 12.3137, 46.5733, -127.122)

[node name="MovingPlatformY2" parent="stage5" instance=ExtResource("8_4251c")]
transform = Transform3D(1, 0, 5.96046e-08, 0, 1, 0, -5.96046e-08, 0, 1, 9.3154, 21.0949, -113.253)

[node name="MovingPlatformY3" parent="stage5" instance=ExtResource("8_4251c")]
transform = Transform3D(1, 0, 5.96046e-08, 0, 1, 0, -5.96046e-08, 0, 1, 16.0118, 43.2742, -147.63)

[node name="Platform2" parent="stage5" instance=ExtResource("7_7ds3d")]
transform = Transform3D(0.849368, 0, 0.527801, 0, 1, 0, -0.527801, 0, 0.849368, 28.4681, 75.886, -164.444)

[node name="StaticBody3D" parent="stage5/Platform2" index="0"]
visible = false
mesh = SubResource("BoxMesh_4r4ud")

[node name="CollisionShape3D" parent="stage5/Platform2" index="1"]
shape = SubResource("BoxShape3D_ckkbe")

[node name="platform" parent="stage5/Platform2" instance=ExtResource("16_of7ig")]
transform = Transform3D(0, 0, 1, 0, 1, 0, -1, 0, 0, -0.0847931, -0.108643, -0.071907)

[node name="Platform3" parent="stage5" instance=ExtResource("7_7ds3d")]
transform = Transform3D(1, 0, 5.96046e-08, 0, 1, 0, -5.96046e-08, 0, 1, 14.3783, 66.7556, -154.228)

[node name="StaticBody3D" parent="stage5/Platform3" index="0"]
transform = Transform3D(1, 0, 0, 0, 1, 0, 0, 0, 1, 0, 5.33315, 0)
visible = false
mesh = SubResource("BoxMesh_4r4ud")

[node name="CollisionShape3D" parent="stage5/Platform3" index="1"]
transform = Transform3D(1, 0, 0, 0, 1, 0, 0, 0, 1, 0, 5.37997, 0)
shape = SubResource("BoxShape3D_ckkbe")

[node name="platform" parent="stage5/Platform3" instance=ExtResource("16_of7ig")]
transform = Transform3D(-2.98023e-08, 0, 1, 0, 1, 0, -1, 0, -2.98023e-08, 0, 5.42269, 0)

[node name="stage6" type="Node3D" parent="."]

[node name="Platform1" type="StaticBody3D" parent="stage6"]
transform = Transform3D(0.933544, -0.048925, 0.355107, 0.0523359, 0.99863, 0, -0.35462, 0.0185849, 0.934825, -71.332, -68.864, 181.756)

[node name="MeshInstance3D" type="MeshInstance3D" parent="stage6/Platform1"]
visible = false
mesh = SubResource("BoxMesh_675cy")

[node name="CollisionShape3D" type="CollisionShape3D" parent="stage6/Platform1"]
shape = SubResource("BoxShape3D_5vtpg")

[node name="platform1" parent="stage6/Platform1" instance=ExtResource("19_sky3c")]
transform = Transform3D(-4.37114e-08, 0, 1, 0, 1, 0, -1, 0, -4.37114e-08, 0, 0, 0)

[node name="Platform2" type="StaticBody3D" parent="stage6"]
transform = Transform3D(0.930863, -0.0932043, 0.35328, 0.0871078, 0.995647, 0.0331552, -0.354833, -8.94349e-05, 0.93493, -69.5258, -59.6684, 182.268)

[node name="MeshInstance3D" type="MeshInstance3D" parent="stage6/Platform2"]
visible = false
mesh = SubResource("BoxMesh_675cy")

[node name="CollisionShape3D" type="CollisionShape3D" parent="stage6/Platform2"]
shape = SubResource("BoxShape3D_5vtpg")

[node name="platform1" parent="stage6/Platform2" instance=ExtResource("19_sky3c")]
transform = Transform3D(-4.37114e-08, 0, 1, 0, 1, 0, -1, 0, -4.37114e-08, 0, 0, 0)

[node name="Platform3" type="StaticBody3D" parent="stage6"]

[node name="MeshInstance3D" type="MeshInstance3D" parent="stage6/Platform3"]
transform = Transform3D(0.927926, -0.233157, 0.290848, 0.222484, 0.972439, 0.0697351, -0.299091, 0, 0.954225, -11.5268, -60.5775, 162.487)
visible = false
mesh = SubResource("BoxMesh_gwtxy")

[node name="CollisionShape3D" type="CollisionShape3D" parent="stage6/Platform3"]
transform = Transform3D(0.927926, -0.233157, 0.290848, 0.222484, 0.972439, 0.0697351, -0.299091, 0, 0.954225, -11.5268, -60.5775, 162.487)
shape = SubResource("BoxShape3D_p3p0f")

[node name="rope" parent="stage6/Platform3" instance=ExtResource("20_glecp")]
transform = Transform3D(-0.300715, -0.230237, 0.925506, -0.071147, 0.973135, 0.218968, -0.951057, -7.16613e-11, -0.309017, -11.818, -60.9731, 162.589)

[node name="Platform4" type="StaticBody3D" parent="stage6"]
transform = Transform3D(1, 0, 0, 0, 0.994781, 0.102029, 0, -0.102029, 0.994781, 35.5174, -52.3196, 147.344)

[node name="MeshInstance3D" type="MeshInstance3D" parent="stage6/Platform4"]
mesh = SubResource("BoxMesh_3tkmd")

[node name="CollisionShape3D" type="CollisionShape3D" parent="stage6/Platform4"]
shape = SubResource("BoxShape3D_1g1q5")

[node name="Platform5" type="StaticBody3D" parent="stage6"]
transform = Transform3D(1, 0, 0, 0, 1, 0, 0, 0, 1, 55.3837, -48.9002, 146.723)

[node name="MeshInstance3D" type="MeshInstance3D" parent="stage6/Platform5"]
mesh = SubResource("BoxMesh_vt13n")

[node name="CollisionShape3D" type="CollisionShape3D" parent="stage6/Platform5"]
shape = SubResource("BoxShape3D_2pflc")

[node name="Platform6" type="StaticBody3D" parent="stage6"]
transform = Transform3D(1, 0, 0, 0, 1, 0, 0, 0, 1, 76.0832, -44.4844, 155.775)

[node name="MeshInstance3D" type="MeshInstance3D" parent="stage6/Platform6"]
mesh = SubResource("BoxMesh_h4b4v")

[node name="CollisionShape3D" type="CollisionShape3D" parent="stage6/Platform6"]
shape = SubResource("BoxShape3D_w4oxl")

[node name="Platform7" type="StaticBody3D" parent="stage6"]
transform = Transform3D(1, 0, 0, 0, 1, 0, 0, 0, 1, 82.2758, -40.8157, 175.427)

[node name="MeshInstance3D" type="MeshInstance3D" parent="stage6/Platform7"]
mesh = SubResource("BoxMesh_qrb5y")

[node name="CollisionShape3D" type="CollisionShape3D" parent="stage6/Platform7"]
shape = SubResource("BoxShape3D_cmy7e")

[node name="Platform8" type="StaticBody3D" parent="stage6"]
transform = Transform3D(1, 0, 0, 0, 1, 0, 0, 0, 1, 94.006, -37.1966, 198.957)

[node name="MeshInstance3D" type="MeshInstance3D" parent="stage6/Platform8"]
mesh = SubResource("BoxMesh_qrb5y")

[node name="CollisionShape3D" type="CollisionShape3D" parent="stage6/Platform8"]
shape = SubResource("BoxShape3D_cmy7e")

[node name="Platform9" type="StaticBody3D" parent="stage6"]
transform = Transform3D(0.942624, -0.333856, 0, 0.333856, 0.942624, 0, 0, 0, 1, 0, 5.46415, 0)

[node name="MeshInstance3D" type="MeshInstance3D" parent="stage6/Platform9"]
transform = Transform3D(0.544112, 0.620053, -0.565222, -0.223073, 0.756341, 0.614969, 0.808814, -0.208526, 0.549852, 30.5656, -24.1772, 287.044)
mesh = SubResource("BoxMesh_2y3gq")

[node name="CollisionShape3D" type="CollisionShape3D" parent="stage6/Platform9"]
transform = Transform3D(0.544112, 0.620053, -0.565222, -0.223073, 0.756341, 0.614969, 0.808814, -0.208526, 0.549852, 30.5656, -24.1772, 287.044)
shape = SubResource("BoxShape3D_mtevl")

[node name="fireball" parent="stage6" instance=ExtResource("21_x2gg6")]
transform = Transform3D(0.350207, 0, -0.936672, 0, 1, 0, 0.936672, 0, 0.350207, -45.3237, -62.169, 143.046)

[node name="fireball2" parent="stage6" instance=ExtResource("21_x2gg6")]
transform = Transform3D(-0.346625, 0, 0.938004, 0, 1, 0, -0.938004, 0, -0.346625, -4.77145, -54.0299, 182.138)

[node name="fireball3" parent="stage6" instance=ExtResource("21_x2gg6")]
transform = Transform3D(0.350207, 0, -0.936672, 0, 1, 0, 0.936672, 0, 0.350207, 4.43347, -48.6086, 134.124)

[node name="Timer" type="Timer" parent="."]
autostart = true

[node name="LavaFloor" type="Area3D" parent="." node_paths=PackedStringArray("player")]
transform = Transform3D(1, 0, 0, 0, 0.001, 0, 0, 0, 1, -0.0356636, -246.411, 247.85)
collision_layer = 3
script = ExtResource("6_nx44l")
player = NodePath("../Player")

[node name="StaticBody3D" type="StaticBody3D" parent="LavaFloor"]
collision_mask = 3

[node name="CollisionShape3D" type="CollisionShape3D" parent="LavaFloor/StaticBody3D"]
transform = Transform3D(400, 0, 0, 0, 1, 0, 0, 0, 400, 0, 269.924, 0)
shape = SubResource("BoxShape3D_cq5ol")

[node name="MeshInstance3D" type="MeshInstance3D" parent="LavaFloor"]
transform = Transform3D(1, 0, 0, 0, 1, 0, 0, 0, 1, 0, 272.681, 0)
mesh = SubResource("PlaneMesh_ihsr3")

[node name="CollisionShape3D" type="CollisionShape3D" parent="LavaFloor"]
transform = Transform3D(400, 0, 0, 0, 1, 0, 0, 0, 400, 0, 269.924, 0)
shape = SubResource("BoxShape3D_cq5ol")

[node name="Completion" type="Area3D" parent="."]
transform = Transform3D(1, 0, 0, 0, 1, 0, 0, 0, 1, 0.173, 33, 218.34)

[node name="CollisionShape3D" type="CollisionShape3D" parent="Completion"]
shape = SubResource("CylinderShape3D_2fq1k")

[node name="CanvasLayer" type="CanvasLayer" parent="."]
process_mode = 3
visible = false

[node name="Label" type="Label" parent="CanvasLayer"]
anchors_preset = 8
anchor_left = 0.5
anchor_top = 0.5
anchor_right = 0.5
anchor_bottom = 0.5
offset_left = -571.0
offset_top = -121.0
offset_right = 566.0
offset_bottom = -48.0
grow_horizontal = 2
grow_vertical = 2
theme_override_colors/font_color = Color(0.388235, 0, 0, 1)
theme_override_fonts/font = ExtResource("23_euqat")
theme_override_font_sizes/font_size = 70
text = "You esacaped the volcano!"

[node name="VBoxContainer" type="VBoxContainer" parent="CanvasLayer"]
anchors_preset = 8
anchor_left = 0.5
anchor_top = 0.5
anchor_right = 0.5
anchor_bottom = 0.5
offset_left = -242.0
offset_top = -24.0
offset_right = 258.0
offset_bottom = 176.0
grow_horizontal = 2
grow_vertical = 2
script = ExtResource("24_6eitd")

[node name="MainMenuButton" type="Button" parent="CanvasLayer/VBoxContainer"]
layout_mode = 2
text = "Restart"

[node name="QuitButton" type="Button" parent="CanvasLayer/VBoxContainer"]
layout_mode = 2
text = "Exit"

[connection signal="timeout" from="Timer" to="." method="_on_timer_timeout"]
[connection signal="body_entered" from="LavaFloor" to="LavaFloor" method="_on_body_entered"]
[connection signal="body_exited" from="LavaFloor" to="LavaFloor" method="_on_body_exited"]
[connection signal="body_entered" from="Completion" to="." method="_on_completion_body_entered"]
[connection signal="body_entered" from="Completion" to="Player" method="_on_completion_body_entered"]
[connection signal="pressed" from="CanvasLayer/VBoxContainer/MainMenuButton" to="CanvasLayer/VBoxContainer" method="_on_main_menu_button_pressed"]
[connection signal="pressed" from="CanvasLayer/VBoxContainer/QuitButton" to="CanvasLayer/VBoxContainer" method="_on_quit_button_pressed"]

[editable path="stage5/MovingPlatform5"]
[editable path="stage5/Platform"]
[editable path="stage5/Platform2"]
[editable path="stage5/Platform3"]
